  -7.7480400e+01   1.6593580e+02   2.0030000e+03   2.0000000e+00   2.5000000e+01   0.0000000e+00   2.7000000e+01   4.1000000e+01
  -7.7293000e+01   1.6593980e+02   2.0030000e+03   2.0000000e+00   2.5000000e+01   1.0000000e+00   2.7000000e+01   4.1000000e+01
  -7.7134400e+01   1.6581850e+02   2.0030000e+03   2.0000000e+00   2.5000000e+01   2.0000000e+00   2.7000000e+01   4.1000000e+01
  -7.7002800e+01   1.6579350e+02   2.0030000e+03   2.0000000e+00   2.5000000e+01   3.0000000e+00   2.7000000e+01   4.1000000e+01
  -7.6854000e+01   1.6603330e+02   2.0030000e+03   2.0000000e+00   2.5000000e+01   4.0000000e+00   2.7000000e+01   4.1000000e+01
  -7.6718100e+01   1.6613480e+02   2.0030000e+03   2.0000000e+00   2.5000000e+01   5.0000000e+00   2.7000000e+01   4.1000000e+01
  -7.6597900e+01   1.6621360e+02   2.0030000e+03   2.0000000e+00   2.5000000e+01   6.0000000e+00   2.7000000e+01   4.1000000e+01
  -7.6488400e+01   1.6641590e+02   2.0030000e+03   2.0000000e+00   2.5000000e+01   7.0000000e+00   2.7000000e+01   4.1000000e+01
  -7.6363000e+01   1.6695360e+02   2.0030000e+03   2.0000000e+00   2.5000000e+01   9.0000000e+00   2.7000000e+01   4.1000000e+01
  -7.6247700e+01   1.6673470e+02   2.0030000e+03   2.0000000e+00   2.5000000e+01   1.0000000e+01   2.7000000e+01   4.1000000e+01
  -7.6153600e+01   1.6662670e+02   2.0030000e+03   2.0000000e+00   2.5000000e+01   1.1000000e+01   2.7000000e+01   4.1000000e+01
  -7.6074900e+01   1.6681070e+02   2.0030000e+03   2.0000000e+00   2.5000000e+01   1.2000000e+01   2.7000000e+01   4.1000000e+01
  -7.5776300e+01   1.6690380e+02   2.0030000e+03   2.0000000e+00   2.5000000e+01   1.5000000e+01   2.7000000e+01   4.1000000e+01
  -7.5646800e+01   1.6692280e+02   2.0030000e+03   2.0000000e+00   2.5000000e+01   1.6000000e+01   2.7000000e+01   4.1000000e+01
  -7.5527900e+01   1.6702840e+02   2.0030000e+03   2.0000000e+00   2.5000000e+01   1.7000000e+01   2.7000000e+01   4.1000000e+01
  -7.5383700e+01   1.6678970e+02   2.0030000e+03   2.0000000e+00   2.5000000e+01   1.8000000e+01   2.7000000e+01   4.1000000e+01
  -7.4998400e+01   1.6604000e+02   2.0030000e+03   2.0000000e+00   2.5000000e+01   2.2000000e+01   2.7000000e+01   4.1000000e+01
  -7.5155500e+01   1.6984770e+02   2.0030000e+03   2.0000000e+00   2.6000000e+01   8.0000000e+00   2.7000000e+01   4.1000000e+01
  -7.5148800e+01   1.7081060e+02   2.0030000e+03   2.0000000e+00   2.6000000e+01   1.0000000e+01   2.7000000e+01   4.1000000e+01
  -7.4611800e+01   1.7418240e+02   2.0030000e+03   2.0000000e+00   2.6000000e+01   1.8000000e+01   2.7000000e+01   4.1000000e+01
  -7.4527000e+01   1.7455340e+02   2.0030000e+03   2.0000000e+00   2.6000000e+01   1.9000000e+01   2.7000000e+01   4.1000000e+01
  -7.4501500e+01   1.7475860e+02   2.0030000e+03   2.0000000e+00   2.6000000e+01   2.0000000e+01   2.7000000e+01   4.1000000e+01
  -7.4411800e+01   1.7483740e+02   2.0030000e+03   2.0000000e+00   2.6000000e+01   2.1000000e+01   2.7000000e+01   4.1000000e+01
  -7.4249700e+01   1.7497050e+02   2.0030000e+03   2.0000000e+00   2.6000000e+01   2.2000000e+01   2.7000000e+01   4.1000000e+01
  -7.4081100e+01   1.7509890e+02   2.0030000e+03   2.0000000e+00   2.6000000e+01   2.3000000e+01   2.7000000e+01   4.1000000e+01
  -7.4001200e+01   1.7516490e+02   2.0030000e+03   2.0000000e+00   2.7000000e+01   0.0000000e+00   2.7000000e+01   4.1000000e+01
  -7.3931900e+01   1.7517920e+02   2.0030000e+03   2.0000000e+00   2.7000000e+01   1.0000000e+00   2.7000000e+01   4.1000000e+01
  -7.3770100e+01   1.7523310e+02   2.0030000e+03   2.0000000e+00   2.7000000e+01   2.0000000e+00   2.7000000e+01   4.1000000e+01
  -7.3512300e+01   1.7520140e+02   2.0030000e+03   2.0000000e+00   2.7000000e+01   4.0000000e+00   2.7000000e+01   4.1000000e+01
  -7.3492100e+01   1.7516300e+02   2.0030000e+03   2.0000000e+00   2.7000000e+01   5.0000000e+00   2.7000000e+01   4.1000000e+01
  -7.3005600e+01   1.7501560e+02   2.0030000e+03   2.0000000e+00   2.7000000e+01   1.0000000e+01   2.7000000e+01   4.1000000e+01
  -7.2921200e+01   1.7445280e+02   2.0030000e+03   2.0000000e+00   2.7000000e+01   1.3000000e+01   2.7000000e+01   4.1000000e+01
  -7.2907100e+01   1.7442230e+02   2.0030000e+03   2.0000000e+00   2.7000000e+01   1.4000000e+01   2.7000000e+01   4.1000000e+01
