  -7.7480400e+01   1.6593580e+02   2.0030000e+03   2.0000000e+00   2.5000000e+01   0.0000000e+00   2.7000000e+01   4.1000000e+01
  -7.7293000e+01   1.6593980e+02   2.0030000e+03   2.0000000e+00   2.5000000e+01   1.0000000e+00   2.7000000e+01   4.1000000e+01
  -7.7134400e+01   1.6581850e+02   2.0030000e+03   2.0000000e+00   2.5000000e+01   2.0000000e+00   2.7000000e+01   4.1000000e+01
  -7.7002800e+01   1.6579350e+02   2.0030000e+03   2.0000000e+00   2.5000000e+01   3.0000000e+00   2.7000000e+01   4.1000000e+01
  -7.6854000e+01   1.6603330e+02   2.0030000e+03   2.0000000e+00   2.5000000e+01   4.0000000e+00   2.7000000e+01   4.1000000e+01
  -7.6718100e+01   1.6613480e+02   2.0030000e+03   2.0000000e+00   2.5000000e+01   5.0000000e+00   2.7000000e+01   4.1000000e+01
  -7.6597900e+01   1.6621360e+02   2.0030000e+03   2.0000000e+00   2.5000000e+01   6.0000000e+00   2.7000000e+01   4.1000000e+01
  -7.6488400e+01   1.6641590e+02   2.0030000e+03   2.0000000e+00   2.5000000e+01   7.0000000e+00   2.7000000e+01   4.1000000e+01
  -7.6363000e+01   1.6695360e+02   2.0030000e+03   2.0000000e+00   2.5000000e+01   9.0000000e+00   2.7000000e+01   4.1000000e+01
  -7.6247700e+01   1.6673470e+02   2.0030000e+03   2.0000000e+00   2.5000000e+01   1.0000000e+01   2.7000000e+01   4.1000000e+01
  -7.6153600e+01   1.6662670e+02   2.0030000e+03   2.0000000e+00   2.5000000e+01   1.1000000e+01   2.7000000e+01   4.1000000e+01
  -7.6074900e+01   1.6681070e+02   2.0030000e+03   2.0000000e+00   2.5000000e+01   1.2000000e+01   2.7000000e+01   4.1000000e+01
  -7.5776300e+01   1.6690380e+02   2.0030000e+03   2.0000000e+00   2.5000000e+01   1.5000000e+01   2.7000000e+01   4.1000000e+01
  -7.5646800e+01   1.6692280e+02   2.0030000e+03   2.0000000e+00   2.5000000e+01   1.6000000e+01   2.7000000e+01   4.1000000e+01
  -7.5527900e+01   1.6702840e+02   2.0030000e+03   2.0000000e+00   2.5000000e+01   1.7000000e+01   2.7000000e+01   4.1000000e+01
  -7.5383700e+01   1.6678970e+02   2.0030000e+03   2.0000000e+00   2.5000000e+01   1.8000000e+01   2.7000000e+01   4.1000000e+01
  -7.4998400e+01   1.6604000e+02   2.0030000e+03   2.0000000e+00   2.5000000e+01   2.2000000e+01   2.7000000e+01   4.1000000e+01
  -7.5155500e+01   1.6984770e+02   2.0030000e+03   2.0000000e+00   2.6000000e+01   8.0000000e+00   2.7000000e+01   4.1000000e+01
  -7.5148800e+01   1.7081060e+02   2.0030000e+03   2.0000000e+00   2.6000000e+01   1.0000000e+01   2.7000000e+01   4.1000000e+01
  -7.4611800e+01   1.7418240e+02   2.0030000e+03   2.0000000e+00   2.6000000e+01   1.8000000e+01   2.7000000e+01   4.1000000e+01
  -7.4527000e+01   1.7455340e+02   2.0030000e+03   2.0000000e+00   2.6000000e+01   1.9000000e+01   2.7000000e+01   4.1000000e+01
  -7.4501500e+01   1.7475860e+02   2.0030000e+03   2.0000000e+00   2.6000000e+01   2.0000000e+01   2.7000000e+01   4.1000000e+01
  -7.4411800e+01   1.7483740e+02   2.0030000e+03   2.0000000e+00   2.6000000e+01   2.1000000e+01   2.7000000e+01   4.1000000e+01
  -7.4249700e+01   1.7497050e+02   2.0030000e+03   2.0000000e+00   2.6000000e+01   2.2000000e+01   2.7000000e+01   4.1000000e+01
  -7.4081100e+01   1.7509890e+02   2.0030000e+03   2.0000000e+00   2.6000000e+01   2.3000000e+01   2.7000000e+01   4.1000000e+01
  -7.4001200e+01   1.7516490e+02   2.0030000e+03   2.0000000e+00   2.7000000e+01   0.0000000e+00   2.7000000e+01   4.1000000e+01
  -7.3931900e+01   1.7517920e+02   2.0030000e+03   2.0000000e+00   2.7000000e+01   1.0000000e+00   2.7000000e+01   4.1000000e+01
  -7.3770100e+01   1.7523310e+02   2.0030000e+03   2.0000000e+00   2.7000000e+01   2.0000000e+00   2.7000000e+01   4.1000000e+01
  -7.3512300e+01   1.7520140e+02   2.0030000e+03   2.0000000e+00   2.7000000e+01   4.0000000e+00   2.7000000e+01   4.1000000e+01
  -7.3492100e+01   1.7516300e+02   2.0030000e+03   2.0000000e+00   2.7000000e+01   5.0000000e+00   2.7000000e+01   4.1000000e+01
  -7.3005600e+01   1.7501560e+02   2.0030000e+03   2.0000000e+00   2.7000000e+01   1.0000000e+01   2.7000000e+01   4.1000000e+01
  -7.2921200e+01   1.7445280e+02   2.0030000e+03   2.0000000e+00   2.7000000e+01   1.3000000e+01   2.7000000e+01   4.1000000e+01
  -7.2907100e+01   1.7442230e+02   2.0030000e+03   2.0000000e+00   2.7000000e+01   1.4000000e+01   2.7000000e+01   4.1000000e+01
  -7.2826700e+01   1.7386890e+02   2.0030000e+03   2.0000000e+00   2.7000000e+01   1.7000000e+01   2.7000000e+01   4.1000000e+01
  -7.2804200e+01   1.7380240e+02   2.0030000e+03   2.0000000e+00   2.7000000e+01   1.8000000e+01   2.7000000e+01   4.1000000e+01
  -7.2743100e+01   1.7328270e+02   2.0030000e+03   2.0000000e+00   2.7000000e+01   2.0000000e+01   2.7000000e+01   4.1000000e+01
  -7.2661100e+01   1.7269290e+02   2.0030000e+03   2.0000000e+00   2.7000000e+01   2.3000000e+01   2.7000000e+01   4.1000000e+01
  -7.2591500e+01   1.7221190e+02   2.0030000e+03   2.0000000e+00   2.8000000e+01   1.0000000e+00   2.7000000e+01   4.1000000e+01
  -7.2572800e+01   1.7208950e+02   2.0030000e+03   2.0000000e+00   2.8000000e+01   2.0000000e+00   2.7000000e+01   4.1000000e+01
  -7.2501400e+01   1.7155890e+02   2.0030000e+03   2.0000000e+00   2.8000000e+01   4.0000000e+00   2.7000000e+01   4.1000000e+01
  -7.2502100e+01   1.7253480e+02   2.0030000e+03   2.0000000e+00   2.8000000e+01   8.0000000e+00   2.7000000e+01   4.1000000e+01
  -7.2502900e+01   1.7258630e+02   2.0030000e+03   2.0000000e+00   2.8000000e+01   9.0000000e+00   2.7000000e+01   4.1000000e+01
  -7.2343600e+01   1.7282470e+02   2.0030000e+03   2.0000000e+00   2.8000000e+01   1.2000000e+01   2.7000000e+01   4.1000000e+01
  -7.2339000e+01   1.7285490e+02   2.0030000e+03   2.0000000e+00   2.8000000e+01   1.3000000e+01   2.7000000e+01   4.1000000e+01
  -7.2193900e+01   1.7305390e+02   2.0030000e+03   2.0000000e+00   2.8000000e+01   1.5000000e+01   2.7000000e+01   4.1000000e+01
  -7.2168200e+01   1.7308720e+02   2.0030000e+03   2.0000000e+00   2.8000000e+01   1.6000000e+01   2.7000000e+01   4.1000000e+01
  -7.2097400e+01   1.7318200e+02   2.0030000e+03   2.0000000e+00   2.8000000e+01   1.7000000e+01   2.7000000e+01   4.1000000e+01
  -7.2012500e+01   1.7328360e+02   2.0030000e+03   2.0000000e+00   2.8000000e+01   1.8000000e+01   2.7000000e+01   4.1000000e+01
  -7.1998500e+01   1.7330090e+02   2.0030000e+03   2.0000000e+00   2.8000000e+01   1.9000000e+01   2.7000000e+01   4.1000000e+01
  -7.1839800e+01   1.7353000e+02   2.0030000e+03   2.0000000e+00   2.8000000e+01   2.1000000e+01   2.7000000e+01   4.1000000e+01
  -7.1835200e+01   1.7354030e+02   2.0030000e+03   2.0000000e+00   2.8000000e+01   2.2000000e+01   3.2000000e+01   4.4000000e+01
  -7.1801400e+01   1.7359330e+02   2.0030000e+03   2.0000000e+00   2.8000000e+01   2.3000000e+01   3.0000000e+01   1.5000000e+01
  -7.1714500e+01   1.7370500e+02   2.0030000e+03   3.0000000e+00   1.0000000e+00   0.0000000e+00   3.0000000e+01   1.5000000e+01
  -7.1669300e+01   1.7376230e+02   2.0030000e+03   3.0000000e+00   1.0000000e+00   1.0000000e+00   3.0000000e+01   1.5000000e+01
  -7.1668200e+01   1.7376330e+02   2.0030000e+03   3.0000000e+00   1.0000000e+00   2.0000000e+00   3.0000000e+01   1.5000000e+01
  -7.1607900e+01   1.7385650e+02   2.0030000e+03   3.0000000e+00   1.0000000e+00   3.0000000e+00   3.0000000e+01   1.5000000e+01
  -7.1511600e+01   1.7398570e+02   2.0030000e+03   3.0000000e+00   1.0000000e+00   4.0000000e+00   3.0000000e+01   1.5000000e+01
  -7.1500000e+01   1.7400120e+02   2.0030000e+03   3.0000000e+00   1.0000000e+00   5.0000000e+00   3.0000000e+01   1.5000000e+01
  -7.1507800e+01   1.7401070e+02   2.0030000e+03   3.0000000e+00   1.0000000e+00   6.0000000e+00   3.0000000e+01   1.5000000e+01
  -7.1753700e+01   1.7411550e+02   2.0030000e+03   3.0000000e+00   1.0000000e+00   8.0000000e+00   3.0000000e+01   1.5000000e+01
  -7.1878400e+01   1.7414660e+02   2.0030000e+03   3.0000000e+00   1.0000000e+00   9.0000000e+00   3.0000000e+01   1.5000000e+01
  -7.1986800e+01   1.7410280e+02   2.0030000e+03   3.0000000e+00   1.0000000e+00   1.0000000e+01   3.0000000e+01   1.5000000e+01
  -7.2141400e+01   1.7376290e+02   2.0030000e+03   3.0000000e+00   1.0000000e+00   1.2000000e+01   3.0000000e+01   1.5000000e+01
  -7.2136700e+01   1.7348430e+02   2.0030000e+03   3.0000000e+00   1.0000000e+00   1.3000000e+01   3.0000000e+01   1.5000000e+01
  -7.2069300e+01   1.7361950e+02   2.0030000e+03   3.0000000e+00   1.0000000e+00   1.5000000e+01   3.0000000e+01   1.5000000e+01
  -7.2066000e+01   1.7365190e+02   2.0030000e+03   3.0000000e+00   1.0000000e+00   1.6000000e+01   3.0000000e+01   1.5000000e+01
  -7.2062700e+01   1.7360810e+02   2.0030000e+03   3.0000000e+00   1.0000000e+00   1.7000000e+01   3.0000000e+01   1.5000000e+01
  -7.2064200e+01   1.7362770e+02   2.0030000e+03   3.0000000e+00   1.0000000e+00   1.8000000e+01   3.0000000e+01   1.5000000e+01
  -7.2063900e+01   1.7363290e+02   2.0030000e+03   3.0000000e+00   1.0000000e+00   1.9000000e+01   3.0000000e+01   1.5000000e+01
  -7.2131500e+01   1.7358380e+02   2.0030000e+03   3.0000000e+00   1.0000000e+00   2.1000000e+01   3.0000000e+01   1.5000000e+01
  -7.2127200e+01   1.7359640e+02   2.0030000e+03   3.0000000e+00   1.0000000e+00   2.2000000e+01   3.0000000e+01   1.5000000e+01
  -7.2123500e+01   1.7358270e+02   2.0030000e+03   3.0000000e+00   1.0000000e+00   2.3000000e+01   3.0000000e+01   1.5000000e+01
  -7.2125700e+01   1.7358050e+02   2.0030000e+03   3.0000000e+00   2.0000000e+00   0.0000000e+00   3.0000000e+01   1.5000000e+01
  -7.2170400e+01   1.7299650e+02   2.0030000e+03   3.0000000e+00   2.0000000e+00   5.0000000e+00   3.0000000e+01   1.5000000e+01
  -7.2135400e+01   1.7296400e+02   2.0030000e+03   3.0000000e+00   2.0000000e+00   7.0000000e+00   3.0000000e+01   1.5000000e+01
  -7.2139000e+01   1.7290660e+02   2.0030000e+03   3.0000000e+00   2.0000000e+00   8.0000000e+00   3.0000000e+01   1.5000000e+01
  -7.2148800e+01   1.7283020e+02   2.0030000e+03   3.0000000e+00   2.0000000e+00   9.0000000e+00   3.0000000e+01   1.5000000e+01
  -7.2160300e+01   1.7277320e+02   2.0030000e+03   3.0000000e+00   2.0000000e+00   1.0000000e+01   3.0000000e+01   1.5000000e+01
  -7.2162100e+01   1.7275680e+02   2.0030000e+03   3.0000000e+00   2.0000000e+00   1.1000000e+01   3.0000000e+01   1.5000000e+01
  -7.2112800e+01   1.7287090e+02   2.0030000e+03   3.0000000e+00   2.0000000e+00   1.2000000e+01   3.0000000e+01   1.5000000e+01
  -7.2051600e+01   1.7300220e+02   2.0030000e+03   3.0000000e+00   2.0000000e+00   1.3000000e+01   3.0000000e+01   1.5000000e+01
  -7.1996600e+01   1.7314950e+02   2.0030000e+03   3.0000000e+00   2.0000000e+00   1.4000000e+01   3.0000000e+01   1.5000000e+01
  -7.1949300e+01   1.7329520e+02   2.0030000e+03   3.0000000e+00   2.0000000e+00   1.5000000e+01   3.0000000e+01   1.5000000e+01
  -7.1944000e+01   1.7334510e+02   2.0030000e+03   3.0000000e+00   2.0000000e+00   1.6000000e+01   3.0000000e+01   1.5000000e+01
  -7.1997000e+01   1.7324760e+02   2.0030000e+03   3.0000000e+00   2.0000000e+00   1.8000000e+01   3.0000000e+01   1.5000000e+01
  -7.1990500e+01   1.7323320e+02   2.0030000e+03   3.0000000e+00   2.0000000e+00   1.9000000e+01   3.0000000e+01   1.5000000e+01
  -7.1978300e+01   1.7319090e+02   2.0030000e+03   3.0000000e+00   2.0000000e+00   2.0000000e+01   3.0000000e+01   1.5000000e+01
  -7.2043600e+01   1.7309940e+02   2.0030000e+03   3.0000000e+00   2.0000000e+00   2.3000000e+01   3.0000000e+01   1.5000000e+01
  -7.2034400e+01   1.7309130e+02   2.0030000e+03   3.0000000e+00   3.0000000e+00   0.0000000e+00   3.0000000e+01   1.5000000e+01
  -7.2104200e+01   1.7318020e+02   2.0030000e+03   3.0000000e+00   3.0000000e+00   3.0000000e+00   3.0000000e+01   1.5000000e+01
  -7.2097900e+01   1.7319280e+02   2.0030000e+03   3.0000000e+00   3.0000000e+00   4.0000000e+00   3.0000000e+01   1.5000000e+01
  -7.2065300e+01   1.7306270e+02   2.0030000e+03   3.0000000e+00   3.0000000e+00   7.0000000e+00   3.0000000e+01   1.5000000e+01
  -7.2126700e+01   1.7294530e+02   2.0030000e+03   3.0000000e+00   3.0000000e+00   8.0000000e+00   3.0000000e+01   1.5000000e+01
  -7.2127200e+01   1.7286620e+02   2.0030000e+03   3.0000000e+00   3.0000000e+00   9.0000000e+00   3.0000000e+01   1.5000000e+01
  -7.2128000e+01   1.7279520e+02   2.0030000e+03   3.0000000e+00   3.0000000e+00   1.0000000e+01   3.0000000e+01   1.5000000e+01
  -7.2133200e+01   1.7273630e+02   2.0030000e+03   3.0000000e+00   3.0000000e+00   1.1000000e+01   3.0000000e+01   1.5000000e+01
  -7.2139700e+01   1.7269930e+02   2.0030000e+03   3.0000000e+00   3.0000000e+00   1.2000000e+01   3.0000000e+01   1.5000000e+01
  -7.1946100e+01   1.7333560e+02   2.0030000e+03   3.0000000e+00   3.0000000e+00   1.6000000e+01   3.0000000e+01   1.5000000e+01
  -7.1945700e+01   1.7325840e+02   2.0030000e+03   3.0000000e+00   3.0000000e+00   1.7000000e+01   3.0000000e+01   1.5000000e+01
  -7.1946700e+01   1.7325180e+02   2.0030000e+03   3.0000000e+00   3.0000000e+00   1.8000000e+01   3.0000000e+01   1.5000000e+01
  -7.1953900e+01   1.7320720e+02   2.0030000e+03   3.0000000e+00   3.0000000e+00   1.9000000e+01   3.0000000e+01   1.5000000e+01
  -7.1956600e+01   1.7320600e+02   2.0030000e+03   3.0000000e+00   3.0000000e+00   2.0000000e+01   3.0000000e+01   1.5000000e+01
  -7.1945600e+01   1.7299700e+02   2.0030000e+03   3.0000000e+00   3.0000000e+00   2.1000000e+01   3.0000000e+01   1.5000000e+01
  -7.1944100e+01   1.7274760e+02   2.0030000e+03   3.0000000e+00   3.0000000e+00   2.2000000e+01   3.0000000e+01   1.5000000e+01
  -7.1941200e+01   1.7273840e+02   2.0030000e+03   3.0000000e+00   3.0000000e+00   2.3000000e+01   3.0000000e+01   1.5000000e+01
  -7.1940100e+01   1.7274120e+02   2.0030000e+03   3.0000000e+00   4.0000000e+00   0.0000000e+00   3.0000000e+01   1.5000000e+01
  -7.1941400e+01   1.7272600e+02   2.0030000e+03   3.0000000e+00   4.0000000e+00   1.0000000e+00   3.0000000e+01   1.5000000e+01
  -7.1937800e+01   1.7265730e+02   2.0030000e+03   3.0000000e+00   4.0000000e+00   2.0000000e+00   3.0000000e+01   1.5000000e+01
  -7.1929200e+01   1.7260370e+02   2.0030000e+03   3.0000000e+00   4.0000000e+00   3.0000000e+00   3.0000000e+01   1.5000000e+01
  -7.1923800e+01   1.7259200e+02   2.0030000e+03   3.0000000e+00   4.0000000e+00   4.0000000e+00   3.0000000e+01   1.5000000e+01
  -7.2031800e+01   1.7271460e+02   2.0030000e+03   3.0000000e+00   4.0000000e+00   6.0000000e+00   3.0000000e+01   1.5000000e+01
  -7.2051900e+01   1.7262280e+02   2.0030000e+03   3.0000000e+00   4.0000000e+00   8.0000000e+00   3.0000000e+01   1.5000000e+01
  -7.2023100e+01   1.7245460e+02   2.0030000e+03   3.0000000e+00   4.0000000e+00   1.0000000e+01   3.0000000e+01   1.5000000e+01
  -7.1948400e+01   1.7241570e+02   2.0030000e+03   3.0000000e+00   4.0000000e+00   1.2000000e+01   3.0000000e+01   1.5000000e+01
  -7.1948500e+01   1.7238010e+02   2.0030000e+03   3.0000000e+00   4.0000000e+00   1.3000000e+01   3.0000000e+01   1.5000000e+01
  -7.1942800e+01   1.7235260e+02   2.0030000e+03   3.0000000e+00   4.0000000e+00   1.4000000e+01   3.0000000e+01   1.5000000e+01
  -7.1917300e+01   1.7229950e+02   2.0030000e+03   3.0000000e+00   4.0000000e+00   1.5000000e+01   3.0000000e+01   1.5000000e+01
  -7.1884600e+01   1.7225090e+02   2.0030000e+03   3.0000000e+00   4.0000000e+00   1.6000000e+01   3.0000000e+01   1.5000000e+01
  -7.1858900e+01   1.7220020e+02   2.0030000e+03   3.0000000e+00   4.0000000e+00   1.7000000e+01   3.0000000e+01   1.5000000e+01
  -7.1912300e+01   1.7249530e+02   2.0030000e+03   3.0000000e+00   4.0000000e+00   2.1000000e+01   3.0000000e+01   1.5000000e+01
  -7.1910700e+01   1.7248170e+02   2.0030000e+03   3.0000000e+00   4.0000000e+00   2.3000000e+01   3.0000000e+01   1.5000000e+01
  -7.1880700e+01   1.7244160e+02   2.0030000e+03   3.0000000e+00   5.0000000e+00   0.0000000e+00   3.0000000e+01   1.5000000e+01
  -7.1848000e+01   1.7240590e+02   2.0030000e+03   3.0000000e+00   5.0000000e+00   1.0000000e+00   3.0000000e+01   1.5000000e+01
  -7.1812700e+01   1.7239430e+02   2.0030000e+03   3.0000000e+00   5.0000000e+00   2.0000000e+00   3.0000000e+01   1.5000000e+01
  -7.1801500e+01   1.7241520e+02   2.0030000e+03   3.0000000e+00   5.0000000e+00   3.0000000e+00   3.0000000e+01   1.5000000e+01
  -7.1822200e+01   1.7237150e+02   2.0030000e+03   3.0000000e+00   5.0000000e+00   5.0000000e+00   3.0000000e+01   1.5000000e+01
  -7.1845600e+01   1.7234410e+02   2.0030000e+03   3.0000000e+00   5.0000000e+00   6.0000000e+00   3.0000000e+01   1.5000000e+01
  -7.1818300e+01   1.7233060e+02   2.0030000e+03   3.0000000e+00   5.0000000e+00   7.0000000e+00   3.0000000e+01   1.5000000e+01
  -7.1780400e+01   1.7230880e+02   2.0030000e+03   3.0000000e+00   5.0000000e+00   8.0000000e+00   3.0000000e+01   1.5000000e+01
  -7.1745200e+01   1.7229430e+02   2.0030000e+03   3.0000000e+00   5.0000000e+00   9.0000000e+00   3.0000000e+01   1.5000000e+01
  -7.1723300e+01   1.7228950e+02   2.0030000e+03   3.0000000e+00   5.0000000e+00   1.0000000e+01   3.0000000e+01   1.5000000e+01
  -7.1705200e+01   1.7228260e+02   2.0030000e+03   3.0000000e+00   5.0000000e+00   1.1000000e+01   3.0000000e+01   1.5000000e+01
  -7.1679400e+01   1.7226330e+02   2.0030000e+03   3.0000000e+00   5.0000000e+00   1.2000000e+01   3.0000000e+01   1.5000000e+01
  -7.1677300e+01   1.7227280e+02   2.0030000e+03   3.0000000e+00   5.0000000e+00   1.3000000e+01   3.0000000e+01   1.5000000e+01
  -7.1653500e+01   1.7224270e+02   2.0030000e+03   3.0000000e+00   5.0000000e+00   1.4000000e+01   3.0000000e+01   1.5000000e+01
  -7.1639800e+01   1.7226290e+02   2.0030000e+03   3.0000000e+00   5.0000000e+00   1.5000000e+01   3.0000000e+01   1.5000000e+01
  -7.1670500e+01   1.7243010e+02   2.0030000e+03   3.0000000e+00   5.0000000e+00   1.6000000e+01   3.0000000e+01   1.5000000e+01
  -7.1834900e+01   1.7262050e+02   2.0030000e+03   3.0000000e+00   5.0000000e+00   2.0000000e+01   3.0000000e+01   1.5000000e+01
  -7.1965100e+01   1.7276430e+02   2.0030000e+03   3.0000000e+00   5.0000000e+00   2.2000000e+01   3.0000000e+01   1.5000000e+01
  -7.1976700e+01   1.7277940e+02   2.0030000e+03   3.0000000e+00   5.0000000e+00   2.3000000e+01   3.0000000e+01   1.5000000e+01
  -7.1971000e+01   1.7276470e+02   2.0030000e+03   3.0000000e+00   6.0000000e+00   0.0000000e+00   3.0000000e+01   1.5000000e+01
  -7.1969900e+01   1.7275800e+02   2.0030000e+03   3.0000000e+00   6.0000000e+00   1.0000000e+00   3.0000000e+01   1.5000000e+01
  -7.1983600e+01   1.7278480e+02   2.0030000e+03   3.0000000e+00   6.0000000e+00   2.0000000e+00   3.0000000e+01   1.5000000e+01
  -7.2010600e+01   1.7280930e+02   2.0030000e+03   3.0000000e+00   6.0000000e+00   3.0000000e+00   3.0000000e+01   1.5000000e+01
  -7.2010900e+01   1.7282490e+02   2.0030000e+03   3.0000000e+00   6.0000000e+00   4.0000000e+00   3.0000000e+01   1.5000000e+01
  -7.2007700e+01   1.7283860e+02   2.0030000e+03   3.0000000e+00   6.0000000e+00   5.0000000e+00   3.0000000e+01   1.5000000e+01
  -7.1970700e+01   1.7298150e+02   2.0030000e+03   3.0000000e+00   6.0000000e+00   6.0000000e+00   3.0000000e+01   1.5000000e+01
  -7.2049300e+01   1.7289020e+02   2.0030000e+03   3.0000000e+00   6.0000000e+00   9.0000000e+00   3.0000000e+01   1.5000000e+01
  -7.1969800e+01   1.7255780e+02   2.0030000e+03   3.0000000e+00   6.0000000e+00   1.1000000e+01   3.0000000e+01   1.5000000e+01
  -7.1980900e+01   1.7260920e+02   2.0030000e+03   3.0000000e+00   6.0000000e+00   1.2000000e+01   3.0000000e+01   1.5000000e+01
  -7.1981500e+01   1.7259790e+02   2.0030000e+03   3.0000000e+00   6.0000000e+00   1.3000000e+01   3.0000000e+01   1.5000000e+01
  -7.1986200e+01   1.7264220e+02   2.0030000e+03   3.0000000e+00   6.0000000e+00   1.4000000e+01   3.0000000e+01   1.5000000e+01
  -7.1983500e+01   1.7262440e+02   2.0030000e+03   3.0000000e+00   6.0000000e+00   1.5000000e+01   3.0000000e+01   1.5000000e+01
  -7.1983400e+01   1.7259690e+02   2.0030000e+03   3.0000000e+00   6.0000000e+00   1.6000000e+01   3.0000000e+01   1.5000000e+01
  -7.1985000e+01   1.7256010e+02   2.0030000e+03   3.0000000e+00   6.0000000e+00   1.7000000e+01   3.0000000e+01   1.5000000e+01
  -7.1984300e+01   1.7256600e+02   2.0030000e+03   3.0000000e+00   6.0000000e+00   1.8000000e+01   3.0000000e+01   1.5000000e+01
  -7.1980700e+01   1.7260880e+02   2.0030000e+03   3.0000000e+00   6.0000000e+00   1.9000000e+01   3.0000000e+01   1.5000000e+01
  -7.1981800e+01   1.7260260e+02   2.0030000e+03   3.0000000e+00   6.0000000e+00   2.0000000e+01   3.0000000e+01   1.5000000e+01
  -7.2016100e+01   1.7260190e+02   2.0030000e+03   3.0000000e+00   6.0000000e+00   2.1000000e+01   3.0000000e+01   1.5000000e+01
  -7.2044100e+01   1.7261850e+02   2.0030000e+03   3.0000000e+00   6.0000000e+00   2.2000000e+01   3.0000000e+01   1.5000000e+01
  -7.1959300e+01   1.7260150e+02   2.0030000e+03   3.0000000e+00   7.0000000e+00   0.0000000e+00   3.0000000e+01   1.5000000e+01
  -7.1920300e+01   1.7260940e+02   2.0030000e+03   3.0000000e+00   7.0000000e+00   1.0000000e+00   3.0000000e+01   1.5000000e+01
  -7.1910800e+01   1.7261150e+02   2.0030000e+03   3.0000000e+00   7.0000000e+00   2.0000000e+00   3.0000000e+01   1.5000000e+01
  -7.1862100e+01   1.7260460e+02   2.0030000e+03   3.0000000e+00   7.0000000e+00   3.0000000e+00   3.0000000e+01   1.5000000e+01
  -7.1859200e+01   1.7260680e+02   2.0030000e+03   3.0000000e+00   7.0000000e+00   4.0000000e+00   3.0000000e+01   1.5000000e+01
  -7.1870000e+01   1.7255590e+02   2.0030000e+03   3.0000000e+00   7.0000000e+00   5.0000000e+00   3.0000000e+01   1.5000000e+01
  -7.1891600e+01   1.7245410e+02   2.0030000e+03   3.0000000e+00   7.0000000e+00   6.0000000e+00   3.0000000e+01   1.5000000e+01
  -7.1902300e+01   1.7241990e+02   2.0030000e+03   3.0000000e+00   7.0000000e+00   7.0000000e+00   3.0000000e+01   1.5000000e+01
  -7.1929800e+01   1.7230630e+02   2.0030000e+03   3.0000000e+00   7.0000000e+00   8.0000000e+00   3.0000000e+01   1.5000000e+01
  -7.1941800e+01   1.7224840e+02   2.0030000e+03   3.0000000e+00   7.0000000e+00   9.0000000e+00   3.0000000e+01   1.5000000e+01
  -7.1960700e+01   1.7215290e+02   2.0030000e+03   3.0000000e+00   7.0000000e+00   1.0000000e+01   3.0000000e+01   1.5000000e+01
  -7.1990600e+01   1.7203160e+02   2.0030000e+03   3.0000000e+00   7.0000000e+00   1.1000000e+01   3.0000000e+01   1.5000000e+01
  -7.1978600e+01   1.7200080e+02   2.0030000e+03   3.0000000e+00   7.0000000e+00   1.2000000e+01   3.0000000e+01   1.5000000e+01
  -7.1889600e+01   1.7200340e+02   2.0030000e+03   3.0000000e+00   7.0000000e+00   1.3000000e+01   3.0000000e+01   1.5000000e+01
  -7.1844600e+01   1.7198010e+02   2.0030000e+03   3.0000000e+00   7.0000000e+00   1.4000000e+01   3.0000000e+01   1.5000000e+01
  -7.1848400e+01   1.7186540e+02   2.0030000e+03   3.0000000e+00   7.0000000e+00   1.5000000e+01   3.0000000e+01   1.5000000e+01
  -7.1848400e+01   1.7172290e+02   2.0030000e+03   3.0000000e+00   7.0000000e+00   1.7000000e+01   3.0000000e+01   1.5000000e+01
  -7.1844700e+01   1.7212840e+02   2.0030000e+03   3.0000000e+00   7.0000000e+00   1.9000000e+01   3.0000000e+01   1.5000000e+01
  -7.1846700e+01   1.7223690e+02   2.0030000e+03   3.0000000e+00   7.0000000e+00   2.0000000e+01   3.0000000e+01   1.5000000e+01
  -7.1838800e+01   1.7225330e+02   2.0030000e+03   3.0000000e+00   7.0000000e+00   2.1000000e+01   3.0000000e+01   1.5000000e+01
  -7.1847800e+01   1.7236600e+02   2.0030000e+03   3.0000000e+00   7.0000000e+00   2.2000000e+01   3.0000000e+01   1.5000000e+01
  -7.1842100e+01   1.7237910e+02   2.0030000e+03   3.0000000e+00   7.0000000e+00   2.3000000e+01   3.0000000e+01   1.5000000e+01
  -7.1847300e+01   1.7248120e+02   2.0030000e+03   3.0000000e+00   8.0000000e+00   0.0000000e+00   3.0000000e+01   1.5000000e+01
  -7.1840700e+01   1.7250350e+02   2.0030000e+03   3.0000000e+00   8.0000000e+00   1.0000000e+00   3.0000000e+01   1.5000000e+01
  -7.1847500e+01   1.7260750e+02   2.0030000e+03   3.0000000e+00   8.0000000e+00   2.0000000e+00   3.0000000e+01   1.5000000e+01
  -7.1829200e+01   1.7260940e+02   2.0030000e+03   3.0000000e+00   8.0000000e+00   3.0000000e+00   3.0000000e+01   1.5000000e+01
  -7.1776300e+01   1.7260670e+02   2.0030000e+03   3.0000000e+00   8.0000000e+00   4.0000000e+00   3.0000000e+01   1.5000000e+01
  -7.1767900e+01   1.7260480e+02   2.0030000e+03   3.0000000e+00   8.0000000e+00   5.0000000e+00   3.0000000e+01   1.5000000e+01
  -7.1748700e+01   1.7260300e+02   2.0030000e+03   3.0000000e+00   8.0000000e+00   6.0000000e+00   3.0000000e+01   1.5000000e+01
  -7.1729600e+01   1.7259920e+02   2.0030000e+03   3.0000000e+00   8.0000000e+00   7.0000000e+00   3.0000000e+01   1.5000000e+01
  -7.1713600e+01   1.7261280e+02   2.0030000e+03   3.0000000e+00   8.0000000e+00   8.0000000e+00   3.0000000e+01   1.5000000e+01
  -7.1702400e+01   1.7262130e+02   2.0030000e+03   3.0000000e+00   8.0000000e+00   9.0000000e+00   3.0000000e+01   1.5000000e+01
  -7.1681900e+01   1.7261890e+02   2.0030000e+03   3.0000000e+00   8.0000000e+00   1.0000000e+01   3.0000000e+01   1.5000000e+01
  -7.1664800e+01   1.7260720e+02   2.0030000e+03   3.0000000e+00   8.0000000e+00   1.1000000e+01   3.0000000e+01   1.5000000e+01
  -7.1668600e+01   1.7251890e+02   2.0030000e+03   3.0000000e+00   8.0000000e+00   1.2000000e+01   3.0000000e+01   1.5000000e+01
  -7.1672300e+01   1.7222000e+02   2.0030000e+03   3.0000000e+00   8.0000000e+00   1.5000000e+01   3.0000000e+01   1.5000000e+01
  -7.1653400e+01   1.7218560e+02   2.0030000e+03   3.0000000e+00   8.0000000e+00   1.6000000e+01   3.0000000e+01   1.5000000e+01
  -7.1654700e+01   1.7203050e+02   2.0030000e+03   3.0000000e+00   8.0000000e+00   1.7000000e+01   3.0000000e+01   1.5000000e+01
  -7.1644500e+01   1.7197480e+02   2.0030000e+03   3.0000000e+00   8.0000000e+00   1.8000000e+01   3.0000000e+01   1.5000000e+01
  -7.1671800e+01   1.7184980e+02   2.0030000e+03   3.0000000e+00   8.0000000e+00   1.9000000e+01   3.0000000e+01   1.5000000e+01
  -7.1667700e+01   1.7173000e+02   2.0030000e+03   3.0000000e+00   8.0000000e+00   2.0000000e+01   3.0000000e+01   1.5000000e+01
  -7.1589200e+01   1.7204400e+02   2.0030000e+03   3.0000000e+00   8.0000000e+00   2.2000000e+01   3.0000000e+01   1.5000000e+01
  -7.1475300e+01   1.7244190e+02   2.0030000e+03   3.0000000e+00   9.0000000e+00   1.0000000e+00   3.0000000e+01   1.5000000e+01
  -7.1459800e+01   1.7243580e+02   2.0030000e+03   3.0000000e+00   9.0000000e+00   2.0000000e+00   3.0000000e+01   1.5000000e+01
  -7.1386500e+01   1.7283900e+02   2.0030000e+03   3.0000000e+00   9.0000000e+00   4.0000000e+00   3.0000000e+01   1.5000000e+01
  -7.1373200e+01   1.7283470e+02   2.0030000e+03   3.0000000e+00   9.0000000e+00   5.0000000e+00   3.0000000e+01   1.5000000e+01
  -7.1293300e+01   1.7317900e+02   2.0030000e+03   3.0000000e+00   9.0000000e+00   7.0000000e+00   3.0000000e+01   1.5000000e+01
  -7.1287200e+01   1.7318660e+02   2.0030000e+03   3.0000000e+00   9.0000000e+00   8.0000000e+00   3.0000000e+01   1.5000000e+01
  -7.1269800e+01   1.7324400e+02   2.0030000e+03   3.0000000e+00   9.0000000e+00   9.0000000e+00   3.0000000e+01   1.5000000e+01
  -7.1197600e+01   1.7357660e+02   2.0030000e+03   3.0000000e+00   9.0000000e+00   1.2000000e+01   3.0000000e+01   1.5000000e+01
  -7.1308900e+01   1.7449850e+02   2.0030000e+03   3.0000000e+00   9.0000000e+00   1.6000000e+01   3.0000000e+01   1.5000000e+01
  -7.1297000e+01   1.7450620e+02   2.0030000e+03   3.0000000e+00   9.0000000e+00   1.7000000e+01   3.0000000e+01   1.5000000e+01
  -7.1431300e+01   1.7539670e+02   2.0030000e+03   3.0000000e+00   9.0000000e+00   2.1000000e+01   3.0000000e+01   1.5000000e+01
  -7.1431300e+01   1.7539730e+02   2.0030000e+03   3.0000000e+00   9.0000000e+00   2.2000000e+01   3.0000000e+01   1.5000000e+01
  -7.1546200e+01   1.7630540e+02   2.0030000e+03   3.0000000e+00   1.0000000e+01   2.0000000e+00   3.0000000e+01   1.5000000e+01
  -7.1559200e+01   1.7630530e+02   2.0030000e+03   3.0000000e+00   1.0000000e+01   3.0000000e+00   3.0000000e+01   1.5000000e+01
  -7.1656900e+01   1.7719500e+02   2.0030000e+03   3.0000000e+00   1.0000000e+01   7.0000000e+00   3.0000000e+01   1.5000000e+01
  -7.1770200e+01   1.7808970e+02   2.0030000e+03   3.0000000e+00   1.0000000e+01   1.1000000e+01   3.0000000e+01   1.5000000e+01
  -7.1779700e+01   1.7811840e+02   2.0030000e+03   3.0000000e+00   1.0000000e+01   1.2000000e+01   3.0000000e+01   1.5000000e+01
  -7.1879400e+01   1.7899490e+02   2.0030000e+03   3.0000000e+00   1.0000000e+01   1.5000000e+01   3.0000000e+01   1.5000000e+01
  -7.1886900e+01   1.7900280e+02   2.0030000e+03   3.0000000e+00   1.0000000e+01   1.6000000e+01   3.0000000e+01   1.5000000e+01
  -7.1898100e+01   1.7902830e+02   2.0030000e+03   3.0000000e+00   1.0000000e+01   1.7000000e+01   3.0000000e+01   1.5000000e+01
  -7.1990300e+01   1.7990710e+02   2.0030000e+03   3.0000000e+00   1.0000000e+01   2.0000000e+01   3.0000000e+01   1.5000000e+01
  -7.1997100e+01   1.7991690e+02   2.0030000e+03   3.0000000e+00   1.0000000e+01   2.1000000e+01   3.0000000e+01   1.5000000e+01
  -7.2102400e+01   1.8078980e+02   2.0030000e+03   3.0000000e+00   1.1000000e+01   1.0000000e+00   3.0000000e+01   1.5000000e+01
  -7.2111400e+01   1.8080780e+02   2.0030000e+03   3.0000000e+00   1.1000000e+01   2.0000000e+00   3.0000000e+01   1.5000000e+01
  -7.2213700e+01   1.8168860e+02   2.0030000e+03   3.0000000e+00   1.1000000e+01   5.0000000e+00   3.0000000e+01   1.5000000e+01
  -7.2329900e+01   1.8260430e+02   2.0030000e+03   3.0000000e+00   1.1000000e+01   9.0000000e+00   3.0000000e+01   1.5000000e+01
  -7.2437900e+01   1.8350340e+02   2.0030000e+03   3.0000000e+00   1.1000000e+01   1.4000000e+01   3.0000000e+01   1.5000000e+01
  -7.2555100e+01   1.8435970e+02   2.0030000e+03   3.0000000e+00   1.1000000e+01   1.8000000e+01   3.0000000e+01   1.5000000e+01
  -7.2556600e+01   1.8434110e+02   2.0030000e+03   3.0000000e+00   1.1000000e+01   1.9000000e+01   3.0000000e+01   1.5000000e+01
  -7.2647600e+01   1.8507220e+02   2.0030000e+03   3.0000000e+00   1.1000000e+01   2.3000000e+01   3.0000000e+01   1.5000000e+01
  -7.2652800e+01   1.8505330e+02   2.0030000e+03   3.0000000e+00   1.2000000e+01   0.0000000e+00   3.0000000e+01   1.5000000e+01
  -7.2654400e+01   1.8504020e+02   2.0030000e+03   3.0000000e+00   1.2000000e+01   1.0000000e+00   3.0000000e+01   1.5000000e+01
  -7.2992500e+01   1.8500700e+02   2.0030000e+03   3.0000000e+00   1.2000000e+01   5.0000000e+00   3.0000000e+01   1.5000000e+01
  -7.2992300e+01   1.8500070e+02   2.0030000e+03   3.0000000e+00   1.2000000e+01   6.0000000e+00   3.0000000e+01   1.5000000e+01
  -7.3316300e+01   1.8508080e+02   2.0030000e+03   3.0000000e+00   1.2000000e+01   1.1000000e+01   3.0000000e+01   1.5000000e+01
  -7.3315100e+01   1.8507440e+02   2.0030000e+03   3.0000000e+00   1.2000000e+01   1.2000000e+01   3.0000000e+01   1.5000000e+01
  -7.3313600e+01   1.8506760e+02   2.0030000e+03   3.0000000e+00   1.2000000e+01   1.3000000e+01   3.0000000e+01   1.5000000e+01
  -7.3464300e+01   1.8479250e+02   2.0030000e+03   3.0000000e+00   1.2000000e+01   1.5000000e+01   3.0000000e+01   1.5000000e+01
  -7.3634400e+01   1.8505720e+02   2.0030000e+03   3.0000000e+00   1.2000000e+01   1.7000000e+01   3.0000000e+01   1.5000000e+01
  -7.3637700e+01   1.8505530e+02   2.0030000e+03   3.0000000e+00   1.2000000e+01   1.8000000e+01   3.0000000e+01   1.5000000e+01
  -7.3641000e+01   1.8505650e+02   2.0030000e+03   3.0000000e+00   1.2000000e+01   1.9000000e+01   3.0000000e+01   1.5000000e+01
  -7.3985900e+01   1.8502260e+02   2.0030000e+03   3.0000000e+00   1.3000000e+01   3.0000000e+00   3.0000000e+01   1.5000000e+01
  -7.3985100e+01   1.8501220e+02   2.0030000e+03   3.0000000e+00   1.3000000e+01   4.0000000e+00   3.0000000e+01   1.5000000e+01
  -7.3990900e+01   1.8500620e+02   2.0030000e+03   3.0000000e+00   1.3000000e+01   5.0000000e+00   3.0000000e+01   1.5000000e+01
  -7.4336900e+01   1.8500390e+02   2.0030000e+03   3.0000000e+00   1.3000000e+01   1.0000000e+01   3.0000000e+01   1.5000000e+01
  -7.4333500e+01   1.8499980e+02   2.0030000e+03   3.0000000e+00   1.3000000e+01   1.1000000e+01   3.0000000e+01   1.5000000e+01
  -7.4348200e+01   1.8500650e+02   2.0030000e+03   3.0000000e+00   1.3000000e+01   1.2000000e+01   3.0000000e+01   1.5000000e+01
  -7.4627500e+01   1.8526360e+02   2.0030000e+03   3.0000000e+00   1.3000000e+01   1.7000000e+01   3.0000000e+01   1.5000000e+01
  -7.4622800e+01   1.8527200e+02   2.0030000e+03   3.0000000e+00   1.3000000e+01   1.8000000e+01   3.0000000e+01   1.5000000e+01
  -7.4633300e+01   1.8523850e+02   2.0030000e+03   3.0000000e+00   1.3000000e+01   1.9000000e+01   3.0000000e+01   1.5000000e+01
  -7.4993600e+01   1.8463430e+02   2.0030000e+03   3.0000000e+00   1.3000000e+01   2.3000000e+01   3.0000000e+01   1.5000000e+01
  -7.5003600e+01   1.8464420e+02   2.0030000e+03   3.0000000e+00   1.4000000e+01   0.0000000e+00   3.0000000e+01   1.5000000e+01
  -7.5133800e+01   1.8486060e+02   2.0030000e+03   3.0000000e+00   1.4000000e+01   2.0000000e+00   3.0000000e+01   1.5000000e+01
  -7.5131100e+01   1.8485710e+02   2.0030000e+03   3.0000000e+00   1.4000000e+01   3.0000000e+00   3.0000000e+01   1.5000000e+01
  -7.5304100e+01   1.8482370e+02   2.0030000e+03   3.0000000e+00   1.4000000e+01   6.0000000e+00   3.0000000e+01   1.5000000e+01
  -7.5418500e+01   1.8472490e+02   2.0030000e+03   3.0000000e+00   1.4000000e+01   9.0000000e+00   3.0000000e+01   1.5000000e+01
  -7.5413300e+01   1.8474090e+02   2.0030000e+03   3.0000000e+00   1.4000000e+01   1.0000000e+01   3.0000000e+01   1.5000000e+01
  -7.5407400e+01   1.8475330e+02   2.0030000e+03   3.0000000e+00   1.4000000e+01   1.1000000e+01   3.0000000e+01   1.5000000e+01
  -7.5401400e+01   1.8476360e+02   2.0030000e+03   3.0000000e+00   1.4000000e+01   1.2000000e+01   3.0000000e+01   1.5000000e+01
  -7.5522200e+01   1.8480080e+02   2.0030000e+03   3.0000000e+00   1.4000000e+01   1.6000000e+01   3.0000000e+01   1.5000000e+01
  -7.5520000e+01   1.8471290e+02   2.0030000e+03   3.0000000e+00   1.4000000e+01   1.7000000e+01   3.0000000e+01   1.5000000e+01
  -7.5506000e+01   1.8404770e+02   2.0030000e+03   3.0000000e+00   1.4000000e+01   1.9000000e+01   3.0000000e+01   1.5000000e+01
  -7.5501500e+01   1.8385600e+02   2.0030000e+03   3.0000000e+00   1.4000000e+01   2.0000000e+01   3.0000000e+01   1.5000000e+01
  -7.5504600e+01   1.8350310e+02   2.0030000e+03   3.0000000e+00   1.4000000e+01   2.1000000e+01   3.0000000e+01   1.5000000e+01
  -7.5489700e+01   1.8331460e+02   2.0030000e+03   3.0000000e+00   1.4000000e+01   2.2000000e+01   3.0000000e+01   1.5000000e+01
  -7.5516900e+01   1.8303240e+02   2.0030000e+03   3.0000000e+00   1.5000000e+01   0.0000000e+00   3.0000000e+01   1.5000000e+01
  -7.5505700e+01   1.8248300e+02   2.0030000e+03   3.0000000e+00   1.5000000e+01   3.0000000e+00   3.0000000e+01   1.5000000e+01
  -7.5505400e+01   1.8213080e+02   2.0030000e+03   3.0000000e+00   1.5000000e+01   5.0000000e+00   3.0000000e+01   1.5000000e+01
  -7.5389700e+01   1.8255110e+02   2.0030000e+03   3.0000000e+00   1.5000000e+01   1.0000000e+01   3.0000000e+01   1.5000000e+01
  -7.5337500e+01   1.8268870e+02   2.0030000e+03   3.0000000e+00   1.5000000e+01   1.1000000e+01   3.0000000e+01   1.5000000e+01
  -7.5290800e+01   1.8297380e+02   2.0030000e+03   3.0000000e+00   1.5000000e+01   1.2000000e+01   3.0000000e+01   1.5000000e+01
  -7.5272100e+01   1.8311270e+02   2.0030000e+03   3.0000000e+00   1.5000000e+01   1.3000000e+01   3.0000000e+01   1.5000000e+01
  -7.5240200e+01   1.8330630e+02   2.0030000e+03   3.0000000e+00   1.5000000e+01   1.4000000e+01   3.0000000e+01   1.5000000e+01
  -7.5167900e+01   1.8382940e+02   2.0030000e+03   3.0000000e+00   1.5000000e+01   1.6000000e+01   3.0000000e+01   1.5000000e+01
  -7.5147900e+01   1.8382750e+02   2.0030000e+03   3.0000000e+00   1.5000000e+01   1.7000000e+01   3.0000000e+01   1.5000000e+01
  -7.5101400e+01   1.8387700e+02   2.0030000e+03   3.0000000e+00   1.5000000e+01   1.8000000e+01   3.0000000e+01   1.5000000e+01
  -7.5092900e+01   1.8387100e+02   2.0030000e+03   3.0000000e+00   1.5000000e+01   1.9000000e+01   3.0000000e+01   1.5000000e+01
  -7.4995800e+01   1.8408170e+02   2.0030000e+03   3.0000000e+00   1.5000000e+01   2.3000000e+01   3.0000000e+01   1.5000000e+01
  -7.4989500e+01   1.8411780e+02   2.0030000e+03   3.0000000e+00   1.6000000e+01   0.0000000e+00   3.0000000e+01   1.5000000e+01
  -7.4932600e+01   1.8423230e+02   2.0030000e+03   3.0000000e+00   1.6000000e+01   1.0000000e+00   3.0000000e+01   1.5000000e+01
  -7.4900600e+01   1.8429960e+02   2.0030000e+03   3.0000000e+00   1.6000000e+01   2.0000000e+00   3.0000000e+01   1.5000000e+01
  -7.4897400e+01   1.8431080e+02   2.0030000e+03   3.0000000e+00   1.6000000e+01   3.0000000e+00   3.0000000e+01   1.5000000e+01
  -7.4798800e+01   1.8449280e+02   2.0030000e+03   3.0000000e+00   1.6000000e+01   5.0000000e+00   3.0000000e+01   1.5000000e+01
  -7.4795300e+01   1.8450760e+02   2.0030000e+03   3.0000000e+00   1.6000000e+01   6.0000000e+00   3.0000000e+01   1.5000000e+01
  -7.4601800e+01   1.8444880e+02   2.0030000e+03   3.0000000e+00   1.6000000e+01   9.0000000e+00   3.0000000e+01   1.5000000e+01
  -7.4593100e+01   1.8447910e+02   2.0030000e+03   3.0000000e+00   1.6000000e+01   1.0000000e+01   3.0000000e+01   1.5000000e+01
  -7.4589000e+01   1.8439570e+02   2.0030000e+03   3.0000000e+00   1.6000000e+01   1.1000000e+01   3.0000000e+01   1.5000000e+01
  -7.4594800e+01   1.8402150e+02   2.0030000e+03   3.0000000e+00   1.6000000e+01   1.3000000e+01   3.0000000e+01   1.5000000e+01
  -7.4580300e+01   1.8407160e+02   2.0030000e+03   3.0000000e+00   1.6000000e+01   1.4000000e+01   3.0000000e+01   1.5000000e+01
  -7.4594800e+01   1.8399960e+02   2.0030000e+03   3.0000000e+00   1.6000000e+01   1.5000000e+01   3.0000000e+01   1.5000000e+01
  -7.4567000e+01   1.8367610e+02   2.0030000e+03   3.0000000e+00   1.6000000e+01   1.6000000e+01   3.0000000e+01   1.5000000e+01
  -7.4596000e+01   1.8355200e+02   2.0030000e+03   3.0000000e+00   1.6000000e+01   1.7000000e+01   3.0000000e+01   1.5000000e+01
  -7.4581100e+01   1.8356510e+02   2.0030000e+03   3.0000000e+00   1.6000000e+01   1.8000000e+01   3.0000000e+01   1.5000000e+01
  -7.4565800e+01   1.8326880e+02   2.0030000e+03   3.0000000e+00   1.6000000e+01   1.9000000e+01   3.0000000e+01   1.5000000e+01
  -7.4592800e+01   1.8305470e+02   2.0030000e+03   3.0000000e+00   1.6000000e+01   2.0000000e+01   3.0000000e+01   1.5000000e+01
  -7.4571300e+01   1.8296040e+02   2.0030000e+03   3.0000000e+00   1.6000000e+01   2.1000000e+01   3.0000000e+01   1.5000000e+01
  -7.4590500e+01   1.8258320e+02   2.0030000e+03   3.0000000e+00   1.6000000e+01   2.3000000e+01   3.0000000e+01   1.5000000e+01
  -7.4582000e+01   1.8260270e+02   2.0030000e+03   3.0000000e+00   1.7000000e+01   0.0000000e+00   3.0000000e+01   1.5000000e+01
  -7.4575300e+01   1.8263010e+02   2.0030000e+03   3.0000000e+00   1.7000000e+01   1.0000000e+00   3.0000000e+01   1.5000000e+01
  -7.4568900e+01   1.8264640e+02   2.0030000e+03   3.0000000e+00   1.7000000e+01   2.0000000e+00   3.0000000e+01   1.5000000e+01
  -7.4562100e+01   1.8265330e+02   2.0030000e+03   3.0000000e+00   1.7000000e+01   3.0000000e+00   3.0000000e+01   1.5000000e+01
  -7.4569900e+01   1.8261070e+02   2.0030000e+03   3.0000000e+00   1.7000000e+01   4.0000000e+00   3.0000000e+01   1.5000000e+01
  -7.4606500e+01   1.8244180e+02   2.0030000e+03   3.0000000e+00   1.7000000e+01   5.0000000e+00   3.0000000e+01   1.5000000e+01
  -7.4616900e+01   1.8241420e+02   2.0030000e+03   3.0000000e+00   1.7000000e+01   6.0000000e+00   3.0000000e+01   1.5000000e+01
  -7.4608600e+01   1.8237910e+02   2.0030000e+03   3.0000000e+00   1.7000000e+01   7.0000000e+00   3.0000000e+01   1.5000000e+01
  -7.4603900e+01   1.8250930e+02   2.0030000e+03   3.0000000e+00   1.7000000e+01   8.0000000e+00   3.0000000e+01   1.5000000e+01
  -7.4606600e+01   1.8243980e+02   2.0030000e+03   3.0000000e+00   1.7000000e+01   9.0000000e+00   3.0000000e+01   1.5000000e+01
  -7.4606000e+01   1.8201750e+02   2.0030000e+03   3.0000000e+00   1.7000000e+01   1.1000000e+01   3.0000000e+01   1.5000000e+01
  -7.4387400e+01   1.8230330e+02   2.0030000e+03   3.0000000e+00   1.7000000e+01   1.7000000e+01   3.0000000e+01   1.5000000e+01
  -7.4228900e+01   1.8268280e+02   2.0030000e+03   3.0000000e+00   1.7000000e+01   2.1000000e+01   3.0000000e+01   1.5000000e+01
  -7.4041300e+01   1.8302830e+02   2.0030000e+03   3.0000000e+00   1.8000000e+01   0.0000000e+00   3.0000000e+01   1.5000000e+01
  -7.3876900e+01   1.8331830e+02   2.0030000e+03   3.0000000e+00   1.8000000e+01   2.0000000e+00   3.0000000e+01   1.5000000e+01
  -7.3860200e+01   1.8335260e+02   2.0030000e+03   3.0000000e+00   1.8000000e+01   3.0000000e+00   3.0000000e+01   1.5000000e+01
  -7.3682800e+01   1.8365520e+02   2.0030000e+03   3.0000000e+00   1.8000000e+01   6.0000000e+00   3.0000000e+01   1.5000000e+01
  -7.3691600e+01   1.8363600e+02   2.0030000e+03   3.0000000e+00   1.8000000e+01   7.0000000e+00   3.0000000e+01   1.5000000e+01
  -7.3699100e+01   1.8360950e+02   2.0030000e+03   3.0000000e+00   1.8000000e+01   8.0000000e+00   3.0000000e+01   1.5000000e+01
  -7.3498200e+01   1.8300540e+02   2.0030000e+03   3.0000000e+00   1.8000000e+01   1.3000000e+01   3.0000000e+01   1.5000000e+01
  -7.3504000e+01   1.8203730e+02   2.0030000e+03   3.0000000e+00   1.8000000e+01   1.7000000e+01   3.0000000e+01   1.5000000e+01
  -7.3498200e+01   1.8108400e+02   2.0030000e+03   3.0000000e+00   1.8000000e+01   2.0000000e+01   3.0000000e+01   1.5000000e+01
  -7.3506100e+01   1.8092230e+02   2.0030000e+03   3.0000000e+00   1.8000000e+01   2.1000000e+01   3.0000000e+01   1.5000000e+01
  -7.3507600e+01   1.7996260e+02   2.0030000e+03   3.0000000e+00   1.9000000e+01   0.0000000e+00   3.0000000e+01   1.5000000e+01
  -7.3500500e+01   1.7896960e+02   2.0030000e+03   3.0000000e+00   1.9000000e+01   4.0000000e+00   3.0000000e+01   1.5000000e+01
  -7.3504900e+01   1.7833360e+02   2.0030000e+03   3.0000000e+00   1.9000000e+01   6.0000000e+00   3.0000000e+01   1.5000000e+01
  -7.3512700e+01   1.7808280e+02   2.0030000e+03   3.0000000e+00   1.9000000e+01   7.0000000e+00   3.0000000e+01   1.5000000e+01
  -7.3478300e+01   1.7724810e+02   2.0030000e+03   3.0000000e+00   1.9000000e+01   1.3000000e+01   3.0000000e+01   1.5000000e+01
  -7.3344400e+01   1.7712380e+02   2.0030000e+03   3.0000000e+00   1.9000000e+01   1.5000000e+01   3.0000000e+01   1.5000000e+01
  -7.3301100e+01   1.7711420e+02   2.0030000e+03   3.0000000e+00   1.9000000e+01   1.6000000e+01   3.0000000e+01   1.5000000e+01
  -7.3139600e+01   1.7730200e+02   2.0030000e+03   3.0000000e+00   1.9000000e+01   1.9000000e+01   3.0000000e+01   1.5000000e+01
  -7.3129700e+01   1.7726570e+02   2.0030000e+03   3.0000000e+00   1.9000000e+01   2.0000000e+01   3.0000000e+01   1.5000000e+01
  -7.3118800e+01   1.7721970e+02   2.0030000e+03   3.0000000e+00   1.9000000e+01   2.1000000e+01   3.0000000e+01   1.5000000e+01
  -7.3097700e+01   1.7715520e+02   2.0030000e+03   3.0000000e+00   1.9000000e+01   2.2000000e+01   3.0000000e+01   1.5000000e+01
  -7.3004200e+01   1.7725480e+02   2.0030000e+03   3.0000000e+00   2.0000000e+01   0.0000000e+00   3.0000000e+01   1.5000000e+01
  -7.2825900e+01   1.7765550e+02   2.0030000e+03   3.0000000e+00   2.0000000e+01   4.0000000e+00   3.0000000e+01   1.5000000e+01
  -7.2821700e+01   1.7764680e+02   2.0030000e+03   3.0000000e+00   2.0000000e+01   5.0000000e+00   3.0000000e+01   1.5000000e+01
  -7.2685200e+01   1.7781240e+02   2.0030000e+03   3.0000000e+00   2.0000000e+01   7.0000000e+00   3.0000000e+01   1.5000000e+01
  -7.2663200e+01   1.7781070e+02   2.0030000e+03   3.0000000e+00   2.0000000e+01   8.0000000e+00   3.0000000e+01   1.5000000e+01
  -7.2496800e+01   1.7798260e+02   2.0030000e+03   3.0000000e+00   2.0000000e+01   1.1000000e+01   3.0000000e+01   1.5000000e+01
  -7.2490300e+01   1.7796530e+02   2.0030000e+03   3.0000000e+00   2.0000000e+01   1.2000000e+01   3.0000000e+01   1.5000000e+01
  -7.2507500e+01   1.7752180e+02   2.0030000e+03   3.0000000e+00   2.0000000e+01   1.4000000e+01   3.0000000e+01   1.5000000e+01
  -7.2501000e+01   1.7751240e+02   2.0030000e+03   3.0000000e+00   2.0000000e+01   1.5000000e+01   3.0000000e+01   1.5000000e+01
  -7.2503600e+01   1.7705790e+02   2.0030000e+03   3.0000000e+00   2.0000000e+01   1.7000000e+01   3.0000000e+01   1.5000000e+01
  -7.2492100e+01   1.7701910e+02   2.0030000e+03   3.0000000e+00   2.0000000e+01   1.8000000e+01   3.0000000e+01   1.5000000e+01
  -7.2482200e+01   1.7699520e+02   2.0030000e+03   3.0000000e+00   2.0000000e+01   1.9000000e+01   3.0000000e+01   1.5000000e+01
  -7.2495000e+01   1.7652830e+02   2.0030000e+03   3.0000000e+00   2.0000000e+01   2.1000000e+01   3.0000000e+01   1.5000000e+01
  -7.2496600e+01   1.7649990e+02   2.0030000e+03   3.0000000e+00   2.0000000e+01   2.2000000e+01   3.0000000e+01   1.5000000e+01
  -7.2496500e+01   1.7599820e+02   2.0030000e+03   3.0000000e+00   2.1000000e+01   0.0000000e+00   3.0000000e+01   1.5000000e+01
  -7.2502600e+01   1.7553340e+02   2.0030000e+03   3.0000000e+00   2.1000000e+01   2.0000000e+00   3.0000000e+01   1.5000000e+01
  -7.2321100e+01   1.7497520e+02   2.0030000e+03   3.0000000e+00   2.1000000e+01   6.0000000e+00   3.0000000e+01   1.5000000e+01
  -7.2165900e+01   1.7499220e+02   2.0030000e+03   3.0000000e+00   2.1000000e+01   9.0000000e+00   3.0000000e+01   1.5000000e+01
  -7.2152100e+01   1.7499090e+02   2.0030000e+03   3.0000000e+00   2.1000000e+01   1.0000000e+01   3.0000000e+01   1.5000000e+01
  -7.2005300e+01   1.7500590e+02   2.0030000e+03   3.0000000e+00   2.1000000e+01   1.2000000e+01   3.0000000e+01   1.5000000e+01
  -7.1992000e+01   1.7498980e+02   2.0030000e+03   3.0000000e+00   2.1000000e+01   1.3000000e+01   3.0000000e+01   1.5000000e+01
  -7.1826400e+01   1.7495010e+02   2.0030000e+03   3.0000000e+00   2.1000000e+01   1.6000000e+01   3.0000000e+01   1.5000000e+01
  -7.1814000e+01   1.7492140e+02   2.0030000e+03   3.0000000e+00   2.1000000e+01   1.7000000e+01   3.0000000e+01   1.5000000e+01
  -7.1680300e+01   1.7500320e+02   2.0030000e+03   3.0000000e+00   2.1000000e+01   1.9000000e+01   3.0000000e+01   1.5000000e+01
  -7.1664500e+01   1.7500590e+02   2.0030000e+03   3.0000000e+00   2.1000000e+01   2.0000000e+01   3.0000000e+01   1.5000000e+01
  -7.1657000e+01   1.7498390e+02   2.0030000e+03   3.0000000e+00   2.1000000e+01   2.1000000e+01   3.0000000e+01   1.5000000e+01
  -7.1500500e+01   1.7439450e+02   2.0030000e+03   3.0000000e+00   2.2000000e+01   0.0000000e+00   3.0000000e+01   1.5000000e+01
  -7.1490000e+01   1.7437970e+02   2.0030000e+03   3.0000000e+00   2.2000000e+01   1.0000000e+00   3.0000000e+01   1.5000000e+01
  -7.1586900e+01   1.7427330e+02   2.0030000e+03   3.0000000e+00   2.2000000e+01   3.0000000e+00   3.0000000e+01   1.5000000e+01
  -7.1581800e+01   1.7426380e+02   2.0030000e+03   3.0000000e+00   2.2000000e+01   4.0000000e+00   3.0000000e+01   1.5000000e+01
  -7.1668300e+01   1.7415470e+02   2.0030000e+03   3.0000000e+00   2.2000000e+01   6.0000000e+00   3.0000000e+01   1.5000000e+01
  -7.1667600e+01   1.7414490e+02   2.0030000e+03   3.0000000e+00   2.2000000e+01   7.0000000e+00   3.0000000e+01   1.5000000e+01
  -7.1665700e+01   1.7413710e+02   2.0030000e+03   3.0000000e+00   2.2000000e+01   8.0000000e+00   3.0000000e+01   1.5000000e+01
  -7.1759000e+01   1.7402930e+02   2.0030000e+03   3.0000000e+00   2.2000000e+01   1.0000000e+01   3.0000000e+01   1.5000000e+01
  -7.1755100e+01   1.7403220e+02   2.0030000e+03   3.0000000e+00   2.2000000e+01   1.1000000e+01   3.0000000e+01   1.5000000e+01
  -7.1952300e+01   1.7320850e+02   2.0030000e+03   3.0000000e+00   2.2000000e+01   1.9000000e+01   3.0000000e+01   1.5000000e+01
  -7.1952500e+01   1.7320120e+02   2.0030000e+03   3.0000000e+00   2.2000000e+01   2.0000000e+01   3.0000000e+01   1.5000000e+01
  -7.2061700e+01   1.7310650e+02   2.0030000e+03   3.0000000e+00   2.2000000e+01   2.2000000e+01   3.0000000e+01   1.5000000e+01
  -7.2064500e+01   1.7310090e+02   2.0030000e+03   3.0000000e+00   2.3000000e+01   0.0000000e+00   3.0000000e+01   1.5000000e+01
  -7.2073900e+01   1.7308210e+02   2.0030000e+03   3.0000000e+00   2.3000000e+01   1.0000000e+00   3.0000000e+01   1.5000000e+01
  -7.2086400e+01   1.7307090e+02   2.0030000e+03   3.0000000e+00   2.3000000e+01   3.0000000e+00   3.0000000e+01   1.5000000e+01
  -7.2108900e+01   1.7308280e+02   2.0030000e+03   3.0000000e+00   2.3000000e+01   5.0000000e+00   3.0000000e+01   1.5000000e+01
  -7.2119100e+01   1.7310240e+02   2.0030000e+03   3.0000000e+00   2.3000000e+01   6.0000000e+00   3.0000000e+01   1.5000000e+01
  -7.2129200e+01   1.7312800e+02   2.0030000e+03   3.0000000e+00   2.3000000e+01   7.0000000e+00   3.0000000e+01   1.5000000e+01
  -7.2168100e+01   1.7321280e+02   2.0030000e+03   3.0000000e+00   2.3000000e+01   8.0000000e+00   3.0000000e+01   1.5000000e+01
  -7.2198000e+01   1.7340980e+02   2.0030000e+03   3.0000000e+00   2.3000000e+01   9.0000000e+00   3.0000000e+01   1.5000000e+01
  -7.2178400e+01   1.7348360e+02   2.0030000e+03   3.0000000e+00   2.3000000e+01   1.0000000e+01   3.0000000e+01   1.5000000e+01
  -7.2142400e+01   1.7353480e+02   2.0030000e+03   3.0000000e+00   2.3000000e+01   1.1000000e+01   3.0000000e+01   1.5000000e+01
  -7.2118900e+01   1.7359290e+02   2.0030000e+03   3.0000000e+00   2.3000000e+01   1.2000000e+01   3.0000000e+01   1.5000000e+01
  -7.2080600e+01   1.7358090e+02   2.0030000e+03   3.0000000e+00   2.3000000e+01   1.3000000e+01   3.0000000e+01   1.5000000e+01
  -7.2050400e+01   1.7361100e+02   2.0030000e+03   3.0000000e+00   2.3000000e+01   1.4000000e+01   3.0000000e+01   1.5000000e+01
  -7.2019400e+01   1.7362870e+02   2.0030000e+03   3.0000000e+00   2.3000000e+01   1.5000000e+01   3.0000000e+01   1.5000000e+01
  -7.1926500e+01   1.7376900e+02   2.0030000e+03   3.0000000e+00   2.3000000e+01   1.7000000e+01   3.0000000e+01   1.5000000e+01
  -7.1912000e+01   1.7376780e+02   2.0030000e+03   3.0000000e+00   2.3000000e+01   1.8000000e+01   3.0000000e+01   1.5000000e+01
  -7.1891300e+01   1.7376490e+02   2.0030000e+03   3.0000000e+00   2.3000000e+01   1.9000000e+01   3.0000000e+01   1.5000000e+01
  -7.1841800e+01   1.7377280e+02   2.0030000e+03   3.0000000e+00   2.3000000e+01   2.1000000e+01   3.0000000e+01   1.5000000e+01
  -7.1836500e+01   1.7375000e+02   2.0030000e+03   3.0000000e+00   2.3000000e+01   2.2000000e+01   3.0000000e+01   1.5000000e+01
  -7.1975600e+01   1.7322740e+02   2.0030000e+03   3.0000000e+00   2.4000000e+01   2.0000000e+00   3.0000000e+01   1.5000000e+01
  -7.1968200e+01   1.7317600e+02   2.0030000e+03   3.0000000e+00   2.4000000e+01   3.0000000e+00   3.0000000e+01   1.5000000e+01
  -7.1967900e+01   1.7313480e+02   2.0030000e+03   3.0000000e+00   2.4000000e+01   4.0000000e+00   3.0000000e+01   1.5000000e+01
  -7.1971100e+01   1.7309760e+02   2.0030000e+03   3.0000000e+00   2.4000000e+01   5.0000000e+00   3.0000000e+01   1.5000000e+01
  -7.1976800e+01   1.7306720e+02   2.0030000e+03   3.0000000e+00   2.4000000e+01   6.0000000e+00   3.0000000e+01   1.5000000e+01
  -7.1982600e+01   1.7304440e+02   2.0030000e+03   3.0000000e+00   2.4000000e+01   7.0000000e+00   3.0000000e+01   1.5000000e+01
  -7.1988500e+01   1.7302790e+02   2.0030000e+03   3.0000000e+00   2.4000000e+01   8.0000000e+00   3.0000000e+01   1.5000000e+01
  -7.1991300e+01   1.7304810e+02   2.0030000e+03   3.0000000e+00   2.4000000e+01   9.0000000e+00   3.0000000e+01   1.5000000e+01
  -7.1985300e+01   1.7317750e+02   2.0030000e+03   3.0000000e+00   2.4000000e+01   1.0000000e+01   3.0000000e+01   1.5000000e+01
  -7.1984900e+01   1.7318930e+02   2.0030000e+03   3.0000000e+00   2.4000000e+01   1.1000000e+01   3.0000000e+01   1.5000000e+01
  -7.1980600e+01   1.7320260e+02   2.0030000e+03   3.0000000e+00   2.4000000e+01   1.2000000e+01   3.0000000e+01   1.5000000e+01
  -7.1974700e+01   1.7321540e+02   2.0030000e+03   3.0000000e+00   2.4000000e+01   1.3000000e+01   3.0000000e+01   1.5000000e+01
  -7.1969500e+01   1.7322700e+02   2.0030000e+03   3.0000000e+00   2.4000000e+01   1.4000000e+01   3.0000000e+01   1.5000000e+01
  -7.1961600e+01   1.7324440e+02   2.0030000e+03   3.0000000e+00   2.4000000e+01   1.5000000e+01   3.0000000e+01   1.5000000e+01
  -7.1951200e+01   1.7326290e+02   2.0030000e+03   3.0000000e+00   2.4000000e+01   1.6000000e+01   3.0000000e+01   1.5000000e+01
  -7.1939300e+01   1.7327640e+02   2.0030000e+03   3.0000000e+00   2.4000000e+01   1.7000000e+01   3.0000000e+01   1.5000000e+01
  -7.1927200e+01   1.7328120e+02   2.0030000e+03   3.0000000e+00   2.4000000e+01   1.8000000e+01   3.0000000e+01   1.5000000e+01
  -7.1925700e+01   1.7320150e+02   2.0030000e+03   3.0000000e+00   2.4000000e+01   2.0000000e+01   3.0000000e+01   1.5000000e+01
  -7.1917300e+01   1.7321450e+02   2.0030000e+03   3.0000000e+00   2.4000000e+01   2.1000000e+01   3.0000000e+01   1.5000000e+01
  -7.1913300e+01   1.7320200e+02   2.0030000e+03   3.0000000e+00   2.4000000e+01   2.2000000e+01   3.0000000e+01   1.5000000e+01
  -7.2088500e+01   1.7299200e+02   2.0030000e+03   3.0000000e+00   2.5000000e+01   2.0000000e+00   3.0000000e+01   1.5000000e+01
  -7.2095900e+01   1.7293740e+02   2.0030000e+03   3.0000000e+00   2.5000000e+01   3.0000000e+00   3.0000000e+01   1.5000000e+01
  -7.2166900e+01   1.7284740e+02   2.0030000e+03   3.0000000e+00   2.5000000e+01   5.0000000e+00   3.0000000e+01   1.5000000e+01
  -7.2202500e+01   1.7280020e+02   2.0030000e+03   3.0000000e+00   2.5000000e+01   6.0000000e+00   3.0000000e+01   1.5000000e+01
  -7.2134200e+01   1.7287980e+02   2.0030000e+03   3.0000000e+00   2.5000000e+01   7.0000000e+00   3.0000000e+01   1.5000000e+01
  -7.2114900e+01   1.7289940e+02   2.0030000e+03   3.0000000e+00   2.5000000e+01   8.0000000e+00   3.0000000e+01   1.5000000e+01
  -7.2014800e+01   1.7301630e+02   2.0030000e+03   3.0000000e+00   2.5000000e+01   1.0000000e+01   3.0000000e+01   1.5000000e+01
  -7.2000300e+01   1.7301310e+02   2.0030000e+03   3.0000000e+00   2.5000000e+01   1.1000000e+01   3.0000000e+01   1.5000000e+01
  -7.1944700e+01   1.7307350e+02   2.0030000e+03   3.0000000e+00   2.5000000e+01   1.2000000e+01   3.0000000e+01   1.5000000e+01
  -7.1934900e+01   1.7308410e+02   2.0030000e+03   3.0000000e+00   2.5000000e+01   1.3000000e+01   3.0000000e+01   1.5000000e+01
  -7.1888600e+01   1.7317330e+02   2.0030000e+03   3.0000000e+00   2.5000000e+01   1.4000000e+01   3.0000000e+01   1.5000000e+01
  -7.1868200e+01   1.7318400e+02   2.0030000e+03   3.0000000e+00   2.5000000e+01   1.5000000e+01   3.0000000e+01   1.5000000e+01
  -7.1860100e+01   1.7320020e+02   2.0030000e+03   3.0000000e+00   2.5000000e+01   1.6000000e+01   3.0000000e+01   1.5000000e+01
  -7.1929200e+01   1.7358990e+02   2.0030000e+03   3.0000000e+00   2.5000000e+01   1.8000000e+01   3.0000000e+01   1.5000000e+01
  -7.2056900e+01   1.7380410e+02   2.0030000e+03   3.0000000e+00   2.5000000e+01   2.0000000e+01   3.0000000e+01   1.5000000e+01
  -7.2053700e+01   1.7377330e+02   2.0030000e+03   3.0000000e+00   2.5000000e+01   2.1000000e+01   3.0000000e+01   1.5000000e+01
  -7.2014500e+01   1.7338680e+02   2.0030000e+03   3.0000000e+00   2.6000000e+01   1.0000000e+00   3.0000000e+01   1.5000000e+01
  -7.1984700e+01   1.7292240e+02   2.0030000e+03   3.0000000e+00   2.6000000e+01   4.0000000e+00   3.0000000e+01   1.5000000e+01
  -7.1989900e+01   1.7251730e+02   2.0030000e+03   3.0000000e+00   2.6000000e+01   6.0000000e+00   3.0000000e+01   1.5000000e+01
  -7.2001900e+01   1.7244050e+02   2.0030000e+03   3.0000000e+00   2.6000000e+01   7.0000000e+00   3.0000000e+01   1.5000000e+01
  -7.1996900e+01   1.7248140e+02   2.0030000e+03   3.0000000e+00   2.6000000e+01   8.0000000e+00   3.0000000e+01   1.5000000e+01
  -7.1999100e+01   1.7250860e+02   2.0030000e+03   3.0000000e+00   2.6000000e+01   9.0000000e+00   3.0000000e+01   1.5000000e+01
  -7.2005300e+01   1.7247880e+02   2.0030000e+03   3.0000000e+00   2.6000000e+01   1.0000000e+01   3.0000000e+01   1.5000000e+01
  -7.1999300e+01   1.7246170e+02   2.0030000e+03   3.0000000e+00   2.6000000e+01   1.1000000e+01   3.0000000e+01   1.5000000e+01
  -7.1993700e+01   1.7243020e+02   2.0030000e+03   3.0000000e+00   2.6000000e+01   1.2000000e+01   3.0000000e+01   1.5000000e+01
  -7.2017400e+01   1.7242740e+02   2.0030000e+03   3.0000000e+00   2.6000000e+01   1.3000000e+01   3.0000000e+01   1.5000000e+01
  -7.1983600e+01   1.7244760e+02   2.0030000e+03   3.0000000e+00   2.6000000e+01   1.4000000e+01   3.0000000e+01   1.5000000e+01
  -7.1984800e+01   1.7247910e+02   2.0030000e+03   3.0000000e+00   2.6000000e+01   1.5000000e+01   3.0000000e+01   1.5000000e+01
  -7.1986700e+01   1.7248740e+02   2.0030000e+03   3.0000000e+00   2.6000000e+01   1.6000000e+01   3.0000000e+01   1.5000000e+01
  -7.1982200e+01   1.7249170e+02   2.0030000e+03   3.0000000e+00   2.6000000e+01   1.7000000e+01   3.0000000e+01   1.5000000e+01
  -7.1974300e+01   1.7249530e+02   2.0030000e+03   3.0000000e+00   2.6000000e+01   1.8000000e+01   3.0000000e+01   1.5000000e+01
  -7.1960800e+01   1.7249460e+02   2.0030000e+03   3.0000000e+00   2.6000000e+01   1.9000000e+01   3.0000000e+01   1.5000000e+01
  -7.1949300e+01   1.7247610e+02   2.0030000e+03   3.0000000e+00   2.6000000e+01   2.0000000e+01   3.0000000e+01   1.5000000e+01
  -7.1979300e+01   1.7249720e+02   2.0030000e+03   3.0000000e+00   2.6000000e+01   2.1000000e+01   3.0000000e+01   1.5000000e+01
  -7.1971200e+01   1.7250030e+02   2.0030000e+03   3.0000000e+00   2.6000000e+01   2.2000000e+01   3.0000000e+01   1.5000000e+01
  -7.1949600e+01   1.7254200e+02   2.0030000e+03   3.0000000e+00   2.7000000e+01   0.0000000e+00   3.0000000e+01   1.5000000e+01
  -7.1944100e+01   1.7252570e+02   2.0030000e+03   3.0000000e+00   2.7000000e+01   1.0000000e+00   3.0000000e+01   1.5000000e+01
  -7.1975900e+01   1.7251240e+02   2.0030000e+03   3.0000000e+00   2.7000000e+01   3.0000000e+00   3.0000000e+01   1.5000000e+01
  -7.1979700e+01   1.7251810e+02   2.0030000e+03   3.0000000e+00   2.7000000e+01   4.0000000e+00   3.0000000e+01   1.5000000e+01
  -7.1988200e+01   1.7251680e+02   2.0030000e+03   3.0000000e+00   2.7000000e+01   6.0000000e+00   3.0000000e+01   1.5000000e+01
  -7.2113500e+01   1.7274020e+02   2.0030000e+03   3.0000000e+00   2.7000000e+01   8.0000000e+00   3.0000000e+01   1.5000000e+01
  -7.2047500e+01   1.7269820e+02   2.0030000e+03   3.0000000e+00   2.7000000e+01   1.0000000e+01   3.0000000e+01   1.5000000e+01
  -7.2012700e+01   1.7268140e+02   2.0030000e+03   3.0000000e+00   2.7000000e+01   1.1000000e+01   3.0000000e+01   1.5000000e+01
  -7.1997800e+01   1.7271820e+02   2.0030000e+03   3.0000000e+00   2.7000000e+01   1.2000000e+01   3.0000000e+01   1.5000000e+01
  -7.1956900e+01   1.7262540e+02   2.0030000e+03   3.0000000e+00   2.7000000e+01   1.3000000e+01   3.0000000e+01   1.5000000e+01
  -7.1952300e+01   1.7258610e+02   2.0030000e+03   3.0000000e+00   2.7000000e+01   1.4000000e+01   3.0000000e+01   1.5000000e+01
  -7.1922000e+01   1.7262620e+02   2.0030000e+03   3.0000000e+00   2.7000000e+01   1.5000000e+01   3.0000000e+01   1.5000000e+01
  -7.1909400e+01   1.7260780e+02   2.0030000e+03   3.0000000e+00   2.7000000e+01   1.6000000e+01   3.0000000e+01   1.5000000e+01
  -7.1816900e+01   1.7264000e+02   2.0030000e+03   3.0000000e+00   2.7000000e+01   1.8000000e+01   3.0000000e+01   1.5000000e+01
  -7.1806600e+01   1.7261800e+02   2.0030000e+03   3.0000000e+00   2.7000000e+01   1.9000000e+01   3.0000000e+01   1.5000000e+01
  -7.1594800e+01   1.7266100e+02   2.0030000e+03   3.0000000e+00   2.7000000e+01   2.2000000e+01   3.0000000e+01   1.5000000e+01
  -7.1580100e+01   1.7265170e+02   2.0030000e+03   3.0000000e+00   2.7000000e+01   2.3000000e+01   3.0000000e+01   1.5000000e+01
  -7.1418700e+01   1.7263720e+02   2.0030000e+03   3.0000000e+00   2.8000000e+01   1.0000000e+00   3.0000000e+01   1.5000000e+01
  -7.1394300e+01   1.7264410e+02   2.0030000e+03   3.0000000e+00   2.8000000e+01   2.0000000e+00   3.0000000e+01   1.5000000e+01
  -7.1383600e+01   1.7264280e+02   2.0030000e+03   3.0000000e+00   2.8000000e+01   3.0000000e+00   3.0000000e+01   1.5000000e+01
  -7.1221700e+01   1.7248730e+02   2.0030000e+03   3.0000000e+00   2.8000000e+01   5.0000000e+00   3.0000000e+01   1.5000000e+01
  -7.1209200e+01   1.7247380e+02   2.0030000e+03   3.0000000e+00   2.8000000e+01   6.0000000e+00   3.0000000e+01   1.5000000e+01
  -7.1184800e+01   1.7242210e+02   2.0030000e+03   3.0000000e+00   2.8000000e+01   7.0000000e+00   3.0000000e+01   1.5000000e+01
  -7.0998800e+01   1.7222270e+02   2.0030000e+03   3.0000000e+00   2.8000000e+01   1.1000000e+01   3.0000000e+01   1.5000000e+01
  -7.0994500e+01   1.7221070e+02   2.0030000e+03   3.0000000e+00   2.8000000e+01   1.2000000e+01   3.0000000e+01   1.5000000e+01
  -7.0977100e+01   1.7220420e+02   2.0030000e+03   3.0000000e+00   2.8000000e+01   1.3000000e+01   3.0000000e+01   1.5000000e+01
  -7.0901700e+01   1.7250080e+02   2.0030000e+03   3.0000000e+00   2.8000000e+01   1.6000000e+01   3.0000000e+01   1.5000000e+01
  -7.0514900e+01   1.7101540e+02   2.0030000e+03   3.0000000e+00   2.8000000e+01   2.3000000e+01   3.0000000e+01   1.5000000e+01
  -7.0513900e+01   1.7101100e+02   2.0030000e+03   3.0000000e+00   2.9000000e+01   0.0000000e+00   3.0000000e+01   1.5000000e+01
  -7.0509500e+01   1.7100320e+02   2.0030000e+03   3.0000000e+00   2.9000000e+01   1.0000000e+00   3.0000000e+01   1.5000000e+01
  -6.9995700e+01   1.7002440e+02   2.0030000e+03   3.0000000e+00   2.9000000e+01   8.0000000e+00   3.0000000e+01   1.5000000e+01
  -6.9993100e+01   1.7001770e+02   2.0030000e+03   3.0000000e+00   2.9000000e+01   9.0000000e+00   3.0000000e+01   1.5000000e+01
  -6.9990900e+01   1.7001270e+02   2.0030000e+03   3.0000000e+00   2.9000000e+01   1.0000000e+01   3.0000000e+01   1.5000000e+01
  -6.9496600e+01   1.6950680e+02   2.0030000e+03   3.0000000e+00   2.9000000e+01   1.7000000e+01   3.0000000e+01   1.5000000e+01
  -6.9492500e+01   1.6951020e+02   2.0030000e+03   3.0000000e+00   2.9000000e+01   1.8000000e+01   3.0000000e+01   1.5000000e+01
  -6.9489100e+01   1.6951140e+02   2.0030000e+03   3.0000000e+00   2.9000000e+01   1.9000000e+01   3.0000000e+01   1.5000000e+01
  -6.9486500e+01   1.6951130e+02   2.0030000e+03   3.0000000e+00   2.9000000e+01   2.0000000e+01   3.0000000e+01   1.5000000e+01
  -6.9484000e+01   1.6951090e+02   2.0030000e+03   3.0000000e+00   2.9000000e+01   2.1000000e+01   3.0000000e+01   1.5000000e+01
  -6.9481600e+01   1.6951040e+02   2.0030000e+03   3.0000000e+00   2.9000000e+01   2.2000000e+01   3.0000000e+01   1.5000000e+01
  -6.9479200e+01   1.6951040e+02   2.0030000e+03   3.0000000e+00   2.9000000e+01   2.3000000e+01   3.0000000e+01   1.5000000e+01
  -6.9003500e+01   1.6899990e+02   2.0030000e+03   3.0000000e+00   3.0000000e+01   5.0000000e+00   3.0000000e+01   1.5000000e+01
  -6.9008300e+01   1.6900220e+02   2.0030000e+03   3.0000000e+00   3.0000000e+01   6.0000000e+00   3.0000000e+01   1.5000000e+01
  -6.8799000e+01   1.6747470e+02   2.0030000e+03   3.0000000e+00   3.0000000e+01   1.3000000e+01   3.0000000e+01   1.5000000e+01
  -6.8797400e+01   1.6743950e+02   2.0030000e+03   3.0000000e+00   3.0000000e+01   1.4000000e+01   3.0000000e+01   1.5000000e+01
  -6.8781100e+01   1.6735130e+02   2.0030000e+03   3.0000000e+00   3.0000000e+01   1.5000000e+01   3.0000000e+01   1.5000000e+01
  -6.8499900e+01   1.6646410e+02   2.0030000e+03   3.0000000e+00   3.0000000e+01   2.0000000e+01   3.0000000e+01   1.5000000e+01
  -6.8499900e+01   1.6642130e+02   2.0030000e+03   3.0000000e+00   3.0000000e+01   2.1000000e+01   3.0000000e+01   1.5000000e+01
  -6.8485400e+01   1.6634390e+02   2.0030000e+03   3.0000000e+00   3.0000000e+01   2.2000000e+01   3.0000000e+01   1.5000000e+01
  -6.8352400e+01   1.6585000e+02   2.0030000e+03   3.0000000e+00   3.1000000e+01   1.0000000e+00   3.0000000e+01   1.5000000e+01
  -6.8311800e+01   1.6569650e+02   2.0030000e+03   3.0000000e+00   3.1000000e+01   2.0000000e+00   3.0000000e+01   1.5000000e+01
  -6.8246400e+01   1.6544990e+02   2.0030000e+03   3.0000000e+00   3.1000000e+01   4.0000000e+00   3.0000000e+01   1.5000000e+01
  -6.8242000e+01   1.6539530e+02   2.0030000e+03   3.0000000e+00   3.1000000e+01   5.0000000e+00   3.0000000e+01   1.5000000e+01
  -6.8214600e+01   1.6531620e+02   2.0030000e+03   3.0000000e+00   3.1000000e+01   6.0000000e+00   3.0000000e+01   1.5000000e+01
  -6.7998800e+01   1.6496530e+02   2.0030000e+03   3.0000000e+00   3.1000000e+01   9.0000000e+00   3.0000000e+01   1.5000000e+01
  -6.7995400e+01   1.6492510e+02   2.0030000e+03   3.0000000e+00   3.1000000e+01   1.0000000e+01   3.0000000e+01   1.5000000e+01
  -6.7967900e+01   1.6481780e+02   2.0030000e+03   3.0000000e+00   3.1000000e+01   1.1000000e+01   3.0000000e+01   1.5000000e+01
  -6.7744700e+01   1.6397550e+02   2.0030000e+03   3.0000000e+00   3.1000000e+01   1.5000000e+01   3.0000000e+01   1.5000000e+01
  -6.7739800e+01   1.6394350e+02   2.0030000e+03   3.0000000e+00   3.1000000e+01   1.6000000e+01   3.0000000e+01   1.5000000e+01
  -6.7708900e+01   1.6382700e+02   2.0030000e+03   3.0000000e+00   3.1000000e+01   1.7000000e+01   3.0000000e+01   1.5000000e+01
  -6.7648200e+01   1.6358200e+02   2.0030000e+03   3.0000000e+00   3.1000000e+01   1.8000000e+01   3.0000000e+01   1.5000000e+01
  -6.7495300e+01   1.6300130e+02   2.0030000e+03   3.0000000e+00   3.1000000e+01   2.1000000e+01   3.0000000e+01   1.5000000e+01
  -6.7498000e+01   1.6297110e+02   2.0030000e+03   3.0000000e+00   3.1000000e+01   2.2000000e+01   3.0000000e+01   1.5000000e+01
  -6.7485900e+01   1.6289330e+02   2.0030000e+03   3.0000000e+00   3.1000000e+01   2.3000000e+01   3.0000000e+01   1.5000000e+01
  -6.7204900e+01   1.6200880e+02   2.0030000e+03   4.0000000e+00   1.0000000e+00   3.0000000e+00   3.0000000e+01   1.5000000e+01
  -6.7202200e+01   1.6197950e+02   2.0030000e+03   4.0000000e+00   1.0000000e+00   4.0000000e+00   3.0000000e+01   1.5000000e+01
  -6.7201800e+01   1.6195230e+02   2.0030000e+03   4.0000000e+00   1.0000000e+00   5.0000000e+00   3.0000000e+01   1.5000000e+01
  -6.6995000e+01   1.6100240e+02   2.0030000e+03   4.0000000e+00   1.0000000e+00   1.0000000e+01   3.0000000e+01   1.5000000e+01
  -6.6992300e+01   1.6100120e+02   2.0030000e+03   4.0000000e+00   1.0000000e+00   1.1000000e+01   3.0000000e+01   1.5000000e+01
  -6.6899300e+01   1.6003240e+02   2.0030000e+03   4.0000000e+00   1.0000000e+00   1.5000000e+01   3.0000000e+01   1.5000000e+01
  -6.6892400e+01   1.5998300e+02   2.0030000e+03   4.0000000e+00   1.0000000e+00   1.6000000e+01   3.0000000e+01   1.5000000e+01
  -6.6889400e+01   1.5995930e+02   2.0030000e+03   4.0000000e+00   1.0000000e+00   1.7000000e+01   3.0000000e+01   1.5000000e+01
  -6.5296900e+01   1.5936020e+02   2.0030000e+03   4.0000000e+00   2.0000000e+00   2.2000000e+01   3.0000000e+01   1.5000000e+01
